0 0 1 9
250 0 0 2 10
500 0 1 3 11
750 0 2 4 12
1000 0 3 5 13
1250 0 4 6 14
1500 0 5 7 15
1750 0 6 8 16
2000 0 7 17
0 250 10 0 18
250 250 9 11 1 19
500 250 10 12 2 20
750 250 11 13 3 21
1000 250 12 14 4 22
1250 250 13 15 5 23
1500 250 14 16 6 24
1750 250 15 17 7 25
2000 250 16 8 26
0 500 19 9 27
250 500 18 20 10 28
500 500 19 21 11 29
750 500 20 22 12 30
1000 500 21 23 13 31
1250 500 22 24 14 32
1500 500 23 25 15 33
1750 500 24 26 16 34
2000 500 25 17 35
0 750 28 18 36
250 750 27 29 19 37
500 750 28 30 20 38
750 750 29 31 21 39
1000 750 30 32 22 40
1250 750 31 33 23 41
1500 750 32 34 24 42
1750 750 33 35 25 43
2000 750 34 26 44
0 1000 37 27 45
250 1000 36 38 28 46
500 1000 37 39 29 47
750 1000 38 40 30 48
1000 1000 39 41 31 49
1250 1000 40 42 32 50
1500 1000 41 43 33 51
1750 1000 42 44 34 52
2000 1000 43 35 53
0 1250 46 36 54
250 1250 45 47 37 55
500 1250 46 48 38 56
750 1250 47 49 39 57
1000 1250 48 50 40 58
1250 1250 49 51 41 59
1500 1250 50 52 42 60
1750 1250 51 53 43 61
2000 1250 52 44 62
0 1500 55 45 63
250 1500 54 56 46 64
500 1500 55 57 47 65
750 1500 56 58 48 66
1000 1500 57 59 49 67
1250 1500 58 60 50 68
1500 1500 59 61 51 69
1750 1500 60 62 52 70
2000 1500 61 53 71
0 1750 64 54 72
250 1750 63 65 55 73
500 1750 64 66 56 74
750 1750 65 67 57 75
1000 1750 66 68 58 76
1250 1750 67 69 59 77
1500 1750 68 70 60 78
1750 1750 69 71 61 79
2000 1750 70 62 80
0 2000 73 63
250 2000 72 74 64
500 2000 73 75 65
750 2000 74 76 66
1000 2000 75 77 67
1250 2000 76 78 68
1500 2000 77 79 69
1750 2000 78 80 70
2000 2000 79 71
